0 5 0 0
0 5 0 0
0 5 0 0
0 5 0 0
0 5 0 0
0 5 0 0
0 5 0 0
0 5 0 0
0 5 0 0
0 5 0 0
0 5 0 0
0 5 0 0
0 5 0 0
0 5 0 0
0 5 0 0
0 5 0 0
0 5 0 0
0 5 0 0
0 5 0 0
0 5 0 0
0 5 0 0
0 5 0 0
0 5 0 0
0 5 0 0
0 5 0 0
0 5 0 0
0 5 0 0
0 5 0 0
0 5 0 0
0 5 0 0
0 5 0 0
0 5 0 0
0 5 0 0
0 5 0 0
0 5 -0.025 0
0 5 -0.025 -0.225
0.0207551 5.0616 0 -0.325
0.0415101 5.12319 0.025 -0.25
0.0415101 5.12319 0.025 -0.1
0.0415101 5.12319 0.025 0.075
0.0415101 5.12319 0 0.25
0.0415101 5.12319 -0.025 0.025
0.0415101 5.12319 -0.025 -0.15
0.0415101 5.12319 0 -0.25
0.0415101 5.12319 0 -0.25
0.0415101 5.12319 0 -0.25
0.0415101 5.12319 0 -0.25
0.0415101 5.12319 0.025 -0.175
0.0415101 5.12319 0 -0.1
0.0285318 4.99384 0 -0.1
0.0220426 4.92917 0 -0.1
0.0220426 4.92917 0 -0.1
0.0220426 4.92917 0 -0.1
0.0155535 4.86449 0 -0.1
0.00257511 4.73514 0 -0.1
-0.0104032 4.60579 0 -0.1
-0.0233816 4.47644 0 -0.1
-0.0363599 4.34709 0 -0.1
-0.0444739 4.21744 0.025 0.05
-0.0331214 4.08802 0 0.2
-0.00729441 3.96062 0 0.2
0.0185326 3.83321 0 0.2
0.0443596 3.7058 -0.025 0.125
0.0557121 3.57639 -0.025 -0.025
0.0475981 3.44673 -0.025 -0.175
0.0201998 3.31975 0 -0.25
-0.0119627 3.19379 0 -0.25
-0.0441252 3.06783 0 -0.25
-0.0762877 2.94187 0 -0.25
-0.10845 2.81591 -0.025 -0.25
-0.145287 2.69133 -0.025 -0.4
-0.200326 2.57366 0.025 -0.475
-0.255365 2.45599 0.025 -0.325
-0.292201 2.33141 0.025 -0.175
-0.310007 2.20273 0 -0.1
-0.322986 2.07338 0 -0.1
-0.335964 1.94403 0.025 -0.025
-0.33434 1.81413 0.025 0.125
-0.313323 1.68593 0.025 0.275
-0.273384 1.56232 0 0.425
-0.219782 1.44388 0 0.425
-0.166181 1.32545 0 0.425
-0.112579 1.20701 0.025 0.425
-0.0546154 1.09075 0 0.575
0.0160831 0.981655 0 0.575
0.0867817 0.87256 0.025 0.575
0.161468 0.766267 0 0.725
0.247676 0.668963 0 0.725
0.333883 0.571658 0.025 0.8
0.430402 0.484707 0 0.875
0.530182 0.401377 0 0.875
0.629963 0.318048 0 0.875
0.729744 0.234718 0 0.875
0.829524 0.151388 -0.025 0.8
0.919256 0.05745 0 0.725
1.00546 -0.039855 0 0.725
1.00546 -0.039855 0 0.725
0.919256 0.05745 0 0.725
0.833049 0.154755 -0.025 0.65
0.758362 0.261048 -0.025 0.5
0.700399 0.377308 -0.025 0.35
0.67811 0.438367 -0.025 0.2
0.67811 0.438367 -0.025 0.025
0.67811 0.438367 -0.025 -0.15
0.67811 0.438367 -0.025 -0.325
0.651309 0.37915 -0.025 -0.5
0.584798 0.26756 -0.025 -0.65
0.502357 0.167162 -0.025 -0.8
0.405838 0.0802109 -0.025 -0.95
0.29741 0.00866004 0 -1.025
0.186297 -0.0588229 0 -1.025
0.0751841 -0.126306 0 -1.025
-0.0359287 -0.193789 0 -1.025
-0.147041 -0.261272 0 -1.025
-0.258154 -0.328754 0.025 -0.95
-0.360917 -0.408229 0.025 -0.8
-0.450649 -0.502167 0 -0.65
-0.529323 -0.605658 0 -0.65
-0.607997 -0.709149 0 -0.65
-0.686671 -0.81264 0 -0.65
-0.765345 -0.91613 0 -0.65
-0.84402 -1.01962 0 -0.65
-0.922694 -1.12311 0 -0.65
-1.00137 -1.2266 0 -0.65
-1.08004 -1.33009 0 -0.65
-1.15872 -1.43358 0 -0.65
-1.23739 -1.53708 0 -0.65
-1.31607 -1.64057 0 -0.65
-1.39474 -1.74406 0 -0.65
-1.47341 -1.84755 0 -0.65
-1.55209 -1.95104 0 -0.65
-1.63076 -2.05453 0 -0.65
-1.70944 -2.15802 0 -0.65
-1.78811 -2.26151 0 -0.65
-1.86679 -2.365 0 -0.65
-1.94546 -2.46849 0 -0.65
-2.02413 -2.57198 0 -0.65
-2.10281 -2.67547 0 -0.65
-2.18148 -2.77897 -0.025 -0.65
-2.26392 -2.87936 -0.025 -0.8
-2.36044 -2.96631 -0.025 -0.95
-2.46887 -3.03786 -0.025 -1.1
-2.58677 -3.09241 0 -1.175
-2.70672 -3.14253 0 -1.175
-2.82667 -3.19265 0.025 -1.175
-2.94458 -3.2472 0.025 -1.025
-3.053 -3.31875 0.025 -0.875
-3.14952 -3.4057 0.025 -0.725
-3.23196 -3.50609 0.025 -0.575
-3.29848 -3.61768 0.025 -0.425
-3.34757 -3.73796 0.025 -0.275
-3.38287 -3.86308 0 -0.275
-3.41817 -3.98819 0 -0.275
-3.45347 -4.11331 0 -0.275
-3.48877 -4.23842 0 -0.275
-3.52407 -4.36354 0 -0.275
-3.55937 -4.48865 -0.025 -0.275
-3.59931 -4.61227 -0.025 -0.425
-3.65728 -4.72853 0 -0.5
-3.7196 -4.84262 0 -0.5
-3.78193 -4.9567 -0.025 -0.575
-3.85661 -5.063 -0.025 -0.725
-3.94634 -5.15693 -0.025 -0.875
-4.04911 -5.23641 0 -1.025
-4.16022 -5.30389 0 -1.025
-4.27133 -5.37137 -0.025 -1.025
-4.38482 -5.4346 0 -1.175
-4.50477 -5.48472 0 -1.175
-4.62472 -5.53484 0 -1.175
-4.74467 -5.58496 0 -1.175
-4.86461 -5.63508 -0.025 -1.175
-4.98627 -5.68064 -0.025 -1.325
-5.11337 -5.7075 -0.025 -1.475
-5.24306 -5.71507 0 -1.625
-5.37287 -5.70803 0 -1.625
-5.50268 -5.70098 0 -1.625
-5.63249 -5.69394 0 -1.625
-5.7623 -5.6869 -0.025 -1.7
-5.89041 -5.66534 0 -1.85
-6.01537 -5.62952 0 -1.85
-6.14034 -5.59369 0 -1.85
-6.2653 -5.55786 0 -1.85
-6.39027 -5.52204 0 -1.85
-6.51524 -5.48621 0 -1.85
-6.6402 -5.45038 -0.025 -1.85
-6.76365 -5.40992 -0.025 -2
-6.87966 -5.35147 0 -2.15
-6.98846 -5.28032 0 -2.15
-7.09726 -5.20916 -0.025 -2.225
-7.19731 -5.1263 -0.025 -2.375
-7.28385 -5.02942 -0.025 -2.525
-7.35495 -4.92069 0 -2.675
-7.41343 -4.80458 0 -2.675
-7.47191 -4.68848 -0.025 -2.75
-7.51695 -4.56663 -0.025 -2.9
-7.54328 -4.43942 -0.025 -3.05
-7.55031 -4.3097 0 -3.125
-7.55246 -4.17972 0 -3.125
-7.55462 -4.04973 0 -3.125
-7.55677 -3.91975 0.025 -3.05
-7.5735 -3.79092 0.025 -2.9
-7.60929 -3.66604 0.025 -2.75
-7.66333 -3.54791 0 -2.6
-7.73035 -3.43652 0 -2.6
-7.79736 -3.32512 0.025 -2.525
-7.8764 -3.22202 0.025 -2.375
-7.96997 -3.1319 0 -2.3
-8.06691 -3.04528 0 -2.3
-8.16385 -2.95867 -0.025 -2.375
-8.25039 -2.86178 0 -2.45
-8.3333 -2.76165 0 -2.45
-8.41621 -2.66152 0 -2.45
-8.49912 -2.56139 0 -2.45
-8.58203 -2.46126 0.025 -2.45
-8.66857 -2.36438 0.025 -2.3
-8.76862 -2.28152 0 -2.225
-8.87178 -2.20241 0 -2.225
-8.97494 -2.1233 0 -2.225
-9.0781 -2.04419 0 -2.225
-9.18126 -1.96508 0 -2.225
-9.28442 -1.88597 0 -2.225
-9.38757 -1.80687 0 -2.225
-9.49073 -1.72776 0 -2.225
-9.59389 -1.64865 0 -2.225
-9.69705 -1.56954 0.025 -2.225
-9.80303 -1.49441 0 -2.075
-9.91685 -1.4316 0 -2.075
-10.0307 -1.3688 -0.025 -2.15
-10.1367 -1.29367 -0.025 -2.3
-10.2302 -1.20354 -0.025 -2.45
-10.3093 -1.10045 -0.025 -2.6
-10.372 -0.986696 -0.025 -2.75
-10.417 -0.864847 0 -2.825
-10.4575 -0.741307 -0.025 -2.825
-10.4933 -0.616425 0 -2.975
-10.5149 -0.488225 0 -2.975
-10.5364 -0.360025 -0.025 -3.05
-10.5434 -0.230306 0 -3.125
-10.5456 -0.100324 -0.025 -3.2
-10.5332 0.0289874 0 -3.275
-10.5159 0.157832 -0.025 -3.275
-10.4938 0.285848 0 -3.425
-10.4574 0.410662 -0.025 -3.425
-10.4164 0.533939 0 -3.5
-10.3708 0.655678 0 -3.5
-10.3252 0.777417 0 -3.5
-10.2796 0.899156 0 -3.5
-10.234 1.0209 0 -3.5
-10.1884 1.14263 0.025 -3.5
-10.1475 1.26591 0.025 -3.35
-10.1254 1.39393 0 -3.275
-10.1081 1.52277 0 -3.275
-10.0908 1.65162 0 -3.275
-10.0735 1.78046 0.025 -3.275
-10.061 1.90977 0 -3.125
-10.0632 2.03975 -0.025 -3.2
-10.0508 2.16907 -0.025 -3.35
-10.0191 2.29507 -0.025 -3.5
-9.96903 2.41493 -0.025 -3.65
-9.90158 2.52595 -0.025 -3.80001
-9.8183 2.62565 -0.025 -3.95001
-9.72105 2.71179 -0.025 -4.10001
-9.61203 2.78243 0 -4.25001
-9.49568 2.84042 0 -4.25001
-9.37933 2.89841 -0.025 -4.25001
-9.26097 2.95196 -0.025 -4.40001
-9.13594 2.98722 -0.025 -4.55001
-9.00704 3.0034 0 -4.62501
-8.87754 3.01474 0 -4.62501
-8.74804 3.02609 0 -4.62501
-8.61854 3.03743 0 -4.62501
-8.48903 3.04878 0.025 -4.62501
-8.36014 3.06496 0.025 -4.47501
-8.2351 3.10022 0.025 -4.32501
-8.11675 3.15377 0.025 -4.17501
-8.00772 3.22441 0.025 -4.02501
-7.90724 3.30689 0 -4.02501
-7.80676 3.38938 0 -4.02501
-7.70628 3.47187 0 -4.02501
-7.60581 3.55436 0 -4.02501
-7.50533 3.63684 0 -4.02501
-7.40485 3.71933 0 -4.02501
-7.30437 3.80182 0 -4.02501
-7.20389 3.8843 0 -4.02501
-7.10342 3.96679 0.025 -3.95001
-7.0129 4.05997 0 -3.87501
-6.92587 4.15655 0 -3.87501
-6.83885 4.25312 0 -3.87501
-6.75183 4.3497 0.025 -3.87501
-6.66855 4.4494 0.025 -3.72501
-6.6011 4.56043 0.025 -3.575
-6.551 4.68029 0.025 -3.425
-6.51937 4.80629 0 -3.35
-6.49248 4.93348 0 -3.35
-6.46558 5.06066 0 -3.35
-6.43868 5.18785 0.025 -3.275
-6.42624 5.31716 0.025 -3.125
-6.43326 5.44688 0 -3.05
-6.44515 5.57634 0.025 -2.975
-6.47148 5.70355 0 -2.825
-6.51196 5.82709 0 -2.825
-6.55243 5.95063 0 -2.825
-6.5929 6.07416 0.025 -2.825
-6.63795 6.19601 0 -2.675
-6.69643 6.31212 0 -2.675
-6.75491 6.42822 0.025 -2.6
-6.826 6.53695 0 -2.525
-6.90118 6.64301 0.025 -2.45
-6.98772 6.73989 0 -2.3
-7.08466 6.82651 0.025 -2.3
-7.18471 6.90937 0 -2.15
-7.29351 6.98053 0 -2.15
-7.40231 7.05169 -0.025 -2.225
-7.50236 7.13455 0 -2.3
-7.5993 7.22116 0 -2.3
-7.69624 7.30778 0 -2.3
-7.79318 7.39439 0 -2.3
-7.89012 7.48101 0 -2.3
-7.98707 7.56763 0 -2.3
-8.08401 7.65424 0 -2.3
-8.18095 7.74086 0 -2.3
-8.27789 7.82747 0 -2.3
-8.37483 7.91409 -0.025 -2.375
-8.46137 8.01097 0 -2.45
-8.54428 8.1111 0 -2.45
-8.62719 8.21123 0 -2.45
-8.7101 8.31136 0 -2.45
-8.79301 8.41149 -0.025 -2.45
-8.87205 8.51459 0 -2.6
-8.93906 8.62598 0 -2.6
-9.00608 8.73738 0 -2.6
-9.07309 8.84877 -0.025 -2.675
-9.12714 8.9669 0 -2.75
-9.17676 9.08706 -0.025 -2.75
-9.2218 9.20891 0 -2.9
-9.2529 9.33514 -0.025 -2.9
-9.27923 9.46235 0 -3.05
-9.29112 9.5918 0 -3.05
-9.30301 9.72126 0 -3.05
-9.3149 9.85072 0 -3.05
-9.32679 9.98017 0 -3.05
-9.33868 10.1096 0 -3.05
-9.35057 10.2391 0 -3.05
-9.36246 10.3685 0 -3.05
-9.37436 10.498 0 -3.05
